reportdate,New Cases,Cum Cases,Confirmed,Probable,Suspected,Deaths,Outbrk,Region
15-Oct-00,0,,,,,,1,
16-Oct-00,71,71,,,71,35,1,Uganda
17-Oct-00,10,81,,,,35,1,Uganda
18-Oct-00,13,94,,,,39,1,Uganda
19-Oct-00,17,111,,,,41,1,Uganda
20-Oct-00,6,122, , , ,47,1,Uganda
21-Oct-00,17,139, , , ,51,1,Uganda
22-Oct-00,10,149, , , ,54,1,Uganda
23-Oct-00,11,160, , , ,55,1,Uganda
24-Oct-00,5,165, , , ,60,1,Uganda
25-Oct-00,11,176, , , ,64,1,Uganda
26-Oct-00,6,182, , , ,64,1,Uganda
27-Oct-00,9,191, , , ,68,1,Uganda
28-Oct-00,14,205, , , ,71,1,Uganda
29-Oct-00,6,211, , , ,72,1,Uganda
30-Oct-00,13,224, , , ,73,1,Uganda
31-Oct-00,15,239, , , ,75,1,Uganda
1-Nov-00,12,251, , , ,80,1,Uganda
2-Nov-00,11,262, , , ,81,1,Uganda
3-Nov-00,4,266, , , ,83,1,Uganda
5-Nov-00,14,280, , , ,89,1,Uganda
6-Nov-00,1,281, , , ,91,1,Uganda
7-Nov-00,3,284, , , ,91,1,Uganda
8-Nov-00,2,286, , , ,94,1,Uganda
9-Nov-00,9,295,  , , ,96,1,Uganda
10-Nov-00,6,301, , , ,99,1,Uganda
12-Nov-00,19,320,,,,104,1,Uganda
13-Nov-00,1,321,,,,104,1,Uganda
17-Nov-00,8,329,,,,107,1,Uganda
24-Nov-00,8,337,,,,121,1,Uganda
29-Nov-00,17,354,,,,140,1,Uganda
5-Dec-00,16,370,,,,140,1,Uganda
8-Dec-00,35,405,,,,160,1,Uganda
19-Dec-00,16,421,,,,165,1,Uganda
29-Dec-00,5,426,,,,172,1,Uganda
2-Jan-01,0,426,,,,172,1,Uganda
9-Jan-01,1,427,,,,173,1,Uganda
16-Jan-01,1,428,,,,174,1,Uganda
23-Jan-01,0,428,,,,174,1,Uganda
10-Dec-01,0,,,,,,2,
11-Dec-01,13,13,1,,12,10,2,Gabon
12-Dec-01,3,16,2,,14,10,2,Gabon
16-Dec-01,1,17,2,,15,12,2,Gabon
17-Dec-01,1,18,2,,16,12,2,Gabon
18-Dec-01,1,19,2,,,13,2,Gabon
19-Dec-01,8,27,25,,,15,2,Gabon
23-Dec-01,7,34,27,,7,18,2,Gabon
27-Dec-01,3,37,29,,8,20,2,Gabon
30-Dec-01,0,35,30,,5,22,2,Gabon
1-Jan-02,6,41,32,,9,23,2,Gabon
2-Jan-02,1,42,32,,10,23,2,Gabon
6-Jan-02,6,48,33,,15,24,2,Gabon/RC
7-Jan-02,2,50,34,,16,25,2,Gabon/RC
20-Jan-02,14,64,42,,22,34,2,Gabon/RC
5-Feb-02,5,69,69,,,54,2,Gabon/RC
18-Feb-02,7,76,76,,,59,2,Gabon/RC
23-Feb-02,2,78,78,,,61,2,Gabon
4-Mar-02,3,81,81,,,62,2,Gabon
12-Mar-02,10,91,91,,,68,2,Gabon/RC
20-Mar-02,1,92,92,,,69,2,Gabon
17-Feb-03,0,,,,,,3,
18-Feb-03,73,73,,,73,59,3,RC
25-Feb-03,22,95,5,90,,77,3,RC
27-Feb-03,2,97,5,92,,80,3,RC
7-Mar-03,13,110,5,105,,89,3,RC
14-Mar-03,8,118,13,105,,106,3,RC
23-Mar-03,5,123,13,110,,113,3,RC
2-Apr-03,12,135,13,122,,120,3,RC
14-Apr-03,5,140,13,127,,123,3,RC
6-May-03,3,143,13,130, ,128,3,RC
16-Nov-03,0,,,,,,4,
17-Nov-03,11,11,1,10,,11,4,RC
21-Nov-03,13,24,,,,12,4,RC
24-Nov-03,12,36,,,,18,4,RC
2-Dec-03,11,47,,,,28,4,RC
11-Dec-03,0,31,,31,,29,4,RC
24-Dec-03,4,35,,,,29,4,RC
23-May-04,0,,,,,,5,
24-May-04,19,19,,,,4,5,Sudan
26-May-04,1,20,,,,5,5,Sudan
31-May-04,5,25,,,,6,5,Sudan
6-Jun-04,3,28,,,,7,5,Sudan
10-Jun-04,2,30,,,,7,5,Sudan
17-Jun-04,0,18,,,,6,5,Sudan
6-Jul-04,0,17,13,4,,7,5,Sudan
16-May-05,0,,,,,,6,
17-May-05,11,11,1,10,,9,6,RC
25-May-05,1,12,1,11,,9,6,RC
10-Sep-07,0,,,,,,7,
11-Sep-07,372,372,,,,166,7,DRC
27-Sep-07,17,17,17,,,,7,DRC
3-Oct-07,84,101,25,,76,,7,DRC
29-Nov-07,0,0,,,,,8,
30-Nov-07,51,51,,,51,16,8,Uganda
7-Dec-07,51,102,9,,93,228,8,Uganda
24-Dec-08,0,,,,,,9,
25-Dec-08,36,36,2,,34,9,9,DRC
31-Dec-08,3,39,3,,36,12,9,DRC
17-Feb-09,0,32,,,,15,9,DRC
2-Feb-09,0,,,,,,10,
3-Feb-09,0,,5,,,,10,Phillipines
31-Mar-09,0,,6,,,,10,Phillipines
17-May-11,0,,,,,,11,
18-May-11,0,,1,,,,11,Uganda
28-Jul-12,0,,,,,,12,
29-Jul-12,20,20,,,,14,12,Uganda
3-Aug-12,38,58,5,,53,16,12,Uganda
8-Aug-12,23,23,10,13,,16,12,Uganda
14-Aug-12,1,24,,,,16,12,Uganda
3-Sep-12,0,24,11,13,,17,12,Uganda
16-Aug-12,0,,,,,,13,
17-Aug-12,0,,,,10,6,13,DRC
20-Aug-12,15,15,2,13,,10,13,DRC
28-Aug-12,9,24,6,6,12,11,13,DRC
3-Sep-12,4,28,8,6,14,14,13,DRC
12-Sep-12,13,41,9,32,28,18,13,DRC
18-Sep-12,5,46,14,32,26,19,13,DRC
24-Sep-12,5,51,19,32,28,20,13,DRC
7-Oct-12,0,49,31,18,,24,13,DRC
24-Oct-12,3,52,35,17,,25,13,DRC
16-Nov-12,0,,,,,,14,
17-Nov-12,4,4,,,,3,14,Uganda
23-Nov-12,6,10,6,4,,5,14,Uganda
28-Nov-12,0,7,6,1,,4,14,Uganda
21-Mar-14,0,,,,,,15,
22-Mar-14,0,49,,,,29,15,Guinea
22-Mar-14,0,49,,,,29,15,Guinea
24-Mar-14,37,86,,,,59,15,Guinea
24-Mar-14,37,86,,,,59,15,Guinea
25-Mar-14,0,86,,,,60,15,Guinea
25-Mar-14,0,86,,,,60,15,Guinea
26-Mar-14,0,86,11,,,62,15,Guinea
26-Mar-14,0,86,11,,,62,15,Guinea
27-Mar-14,17,103,15,,15,66,15,Guinea
27-Mar-14,17,103,15,,15,66,15,Guinea
27-Mar-14,0,,,,8,6,15,Liberia
27-Mar-14,0,,,,6,5,15,Sierra Leone
27-Mar-14,0,,,,8,6,15,Liberia
27-Mar-14,0,,,,6,5,15,Sierra Leone
28-Mar-14,9,112,24,,10,70,15,Guinea
28-Mar-14,9,112,24,,10,70,15,Guinea
28-Mar-14,0,,2,,3,3,15,Liberia
28-Mar-14,0,,,,2,2,15,Sierra Leone
28-Mar-14,0,,2,,3,3,15,Liberia
28-Mar-14,0,,,,2,2,15,Sierra Leone
29-Mar-14,4,,2,,7,,15,Liberia
29-Mar-14,0,,2,,7,,15,Liberia
31-Mar-14,1,8,2,,,2,15,Liberia
31-Mar-14,0,8,2,,,2,15,Liberia
31-Mar-14,19,122,24,78,22,80,15,Guinea
31-Mar-14,19,122,24,78,22,80,15,Guinea
31-Mar-14,0,,,,,2,15,Sierra Leone
31-Mar-14,0,,,,,2,15,Sierra Leone
1-Apr-14,0,8,2,,,5,15,Liberia
1-Apr-14,0,8,2,,,5,15,Liberia
1-Apr-14,5,127,35,,,83,15,Guinea
1-Apr-14,5,127,35,,,83,15,Guinea
1-Apr-14,0,,,,,2,15,Sierra Leone
1-Apr-14,0,,,,,2,15,Sierra Leone
4-Apr-14,4,2,,,18,7,15,Liberia
4-Apr-14,4,2,,,18,7,15,Liberia
4-Apr-14,16,143,54,,,86,15,Guinea
4-Apr-14,16,143,54,,,86,15,Guinea
4-Apr-14,0,,,,,2,15,Sierra Leone
4-Apr-14,0,,,,4,,15,Mali
4-Apr-14,0,,,,,2,15,Sierra Leone
4-Apr-14,0,,,,4,,15,Mali
7-Apr-14,8,151,54,,,95,15,Guinea
7-Apr-14,8,151,54,,,95,15,Guinea
7-Apr-14,11,,5,16,,10,15,Liberia
7-Apr-14,0,,,,,2,15,Sierra Leone
7-Apr-14,0,,,,6, ,15,Mali
7-Apr-14,1,,5,16,,10,15,Liberia
7-Apr-14,0,,,,,2,15,Sierra Leone
7-Apr-14,0,,,,6, ,15,Mali
9-Apr-14,7,158,66,87,4,101,15,Guinea
9-Apr-14,7,158,66,87,4,101,15,Guinea
9-Apr-14,0,,,,,2,15,Sierra Leone
9-Apr-14,0,,,,,2,15,Sierra Leone
10-Apr-14,4,,5,,20,,15,Liberia
10-Apr-14,0,,,,6,,15,Mali
10-Apr-14,0,,5,,20,,15,Liberia
10-Apr-14,0,,,,6,,15,Mali
11-Apr-14,1,26,6,20,,13,15,Liberia
11-Apr-14,21,26,6,20,,13,15,Liberia
11-Apr-14,1,159,71,34,54,106,15,
11-Apr-14,1,159,71,34,54,106,15,Guinea
14-Apr-14,9,168,,,,108,15,Guinea
14-Apr-14,9,168,,,,108,15,Guinea
14-Apr-14,0,,,,6,,15,Mali
14-Apr-14,0,,,,,2,15,Sierra Leone
14-Apr-14,0,,,,,2,15,Sierra Leone
14-Apr-14,0,,,,6,,15,Mali
15-Apr-14,12,,,,12,2,15,Sierra Leone
15-Apr-14,0,,,,12,2,15,Sierra Leone
16-Apr-14,1,27,,,,13,15,Liberia
16-Apr-14,1,27,,,,13,15,Liberia
16-Apr-14,29,197,101,,,122,15,Guinea
16-Apr-14,29,197,101,,,122,15,Guinea
16-Apr-14,0,,,,0,,15,Mali
16-Apr-14,0,,,,0,,15,Mali
17-Apr-14,6,203,109,41,53,129,15,Guinea
17-Apr-14,6,203,109,41,53,129,15,Guinea
17-Apr-14,0,,,,,,15,Liberia
17-Apr-14,0,,,,,,15,Liberia
20-Apr-14,5,208,112,41,55,136,15,Guinea
20-Apr-14,5,208,112,41,55,136,15,Guinea
21-Apr-14,7,34,6,2,26,6,15,Liberia
21-Apr-14,7,34,6,2,26,6,15,Liberia
22-Apr-14,7,19,0,,19,,15,Sierra Leone
22-Apr-14,19,19,0,,19,,15,Sierra Leone
23-Apr-14,10,218,115,42,61,141,15,Guinea
23-Apr-14,10,218,115,42,61,141,15,Guinea
23-Apr-14,0,,,,3,,15,Sierra Leone
23-Apr-14,0,,,,3,,15,Sierra Leone
24-Apr-14,1,35,6,2,27,,15,Liberia
24-Apr-14,1,35,6,2,27,,15,Liberia
26-Apr-14,6,224,121,41,62,143,15,Guinea
26-Apr-14,6,224,121,41,62,143,15,Guinea
1-May-14,2,226,127,44,55,149,15,Guinea
1-May-14,2,226,127,44,55,149,15,Guinea
2-May-14,0,13,6,2,5,11,15,Liberia
2-May-14,0,13,6,2,5,11,15,Liberia
3-May-14,0,13,6,2,5,11,15,Liberia
3-May-14,0,13,6,2,5,11,15,Liberia
3-May-14,5,231,127,49,55,155,15,Guinea
3-May-14,5,231,127,49,55,155,15,Guinea
3-May-14,0,,,,,,15,Sierra Leone
3-May-14,0,,,,,,15,Sierra Leone
5-May-14,0,13,6,2,5,11,15,Liberia
5-May-14,0,13,6,2,5,11,15,Liberia
5-May-14,4,235,127,53,55,157,15,Guinea
5-May-14,4,235,127,53,55,157,15,Guinea
7-May-14,0,0,,,,,15,Sierra Leone
7-May-14,0,0,,,,,15,Sierra Leone
7-May-14,1,236,129,49,58,158,15,Guinea
7-May-14,1,236,129,49,58,158,15,Guinea
10-May-14,0,0,,,,,15,Sierra Leone
10-May-14,0,0,,,,,15,Sierra Leone
10-May-14,0,12,6,2,4,11,15,Liberia
10-May-14,0,12,6,2,4,11,15,Liberia
10-May-14,0,233,129,49,55,157,15,Guinea
10-May-14,0,233,129,49,55,157,15,Guinea
12-May-14,0,0,,,,,15,Sierra Leone
12-May-14,0,0,,,,,15,Sierra Leone
12-May-14,0,12,6,2,4,11,15,Liberia
12-May-14,0,12,6,2,4,11,15,Liberia
12-May-14,15,248,138,67,43,171,15,Guinea
12-May-14,15,248,138,67,43,171,15,Guinea
23-May-14,10,258,146,67,67,174,15,Guinea
23-May-14,10,258,146,67,67,174,15,Guinea
23-May-14,0,,,,,,15,Liberia/SL
23-May-14,0,,,,,,15,Liberia/SL
27-May-14,4,16,7,,9,5,15,Sierra Leone
27-May-14,0,16,7,,9,5,15,Sierra Leone
27-May-14,23,281,163,66,44,186,15,Guinea
27-May-14,23,281,163,66,44,186,15,Guinea
27-May-14,0,,,,,,15,Liberia
27-May-14,0,,,,,,15,Liberia
28-May-14,10,291,172,71,48,193,15,Guinea
28-May-14,10,291,172,71,48,193,15,Guinea
29-May-14,34,50,14,3,33,6,15,Sierra Leone
29-May-14,34,50,14,3,33,6,15,Sierra Leone
29-May-14,1,,,,,,15,Liberia
29-May-14,1,,,,,,15,Liberia
1-Jun-14,1,1,,,,,15,Liberia
1-Jun-14,0,1,,,,,15,Liberia
1-Jun-14,13,79,18,3,58,6,15,Sierra Leone
1-Jun-14,13,79,18,3,58,6,15,Sierra Leone
1-Jun-14,37,328,193,80,55,208,15,Guinea
1-Jun-14,37,328,193,80,55,208,15,Guinea
3-Jun-14,11,344,207,81,56,215,15,Guinea
3-Jun-14,16,344,207,81,56,215,15,Guinea
5-Jun-14,9,81,31,3,47,6,15,Sierra Leone
5-Jun-14,9,81,31,3,47,6,15,Sierra Leone
5-Jun-14,7,351,210,83,58,226,15,Guinea
5-Jun-14,7,351,210,83,58,226,15,Guinea
6-Jun-14,8,89,33,3,53,7,15,Sierra Leone
6-Jun-14,8,89,33,3,53,7,15,Sierra Leone
16-Jun-14,21,33,18,8,7,24,15,Liberia
16-Jun-14,21,33,18,8,7,24,15,Liberia
16-Jun-14,47,398,254,88,56,264,15,Guinea
16-Jun-14,47,398,254,88,56,264,15,Guinea
17-Jun-14,8,97,92,3,2,49,15,Sierra Leone
17-Jun-14,8,97,92,3,2,49,15,Sierra Leone
17-Jun-14,39,136,103,19,14,58,15,Sierra Leone
17-Jun-14,39,136,103,19,14,58,15,Sierra Leone
18-Jun-14,0,390,258,88,44,267,15,Guinea
18-Jun-14,0,390,258,88,44,267,15,Guinea
19-Jun-14,8,41,24,9,8,25,15,Liberia
19-Jun-14,8,41,24,9,8,25,15,Liberia
20-Jun-14,22,158,147,8,3,34,15,Sierra Leone
20-Jun-14,22,158,147,8,3,34,15,Sierra Leone
20-Jun-14,0,390,260,87,43,270,15,Guinea
20-Jun-14,0,390,260,87,43,270,15,Guinea
22-Jun-14,10,51,34,10,7,34,15,Liberia
22-Jun-14,10,51,34,10,7,34,15,Liberia
30-Jun-14,56,107,52,21,34,65,15,Liberia
30-Jun-14,56,107,52,21,34,65,15,Liberia
30-Jun-14,81,239,199,31,9,99,15,Sierra Leone
30-Jun-14,81,239,199,31,9,99,15,Sierra Leone
30-Jun-14,23,413,293,88,32,303,15,Guinea
30-Jun-14,23,413,293,88,32,303,15,Guinea
